Golden Reference Result (B=32, C=32, V=4)
Result shape: torch.Size([32, 32])
Min: -0.812454, Max: 0.752907
Mean: 0.000799

Result matrix:
   -0.225128    -0.092422     0.000992     0.009918     0.362396    -0.249191     0.132568     0.020645    -0.196915    -0.480789     0.112885    -0.007507     0.155975     0.123154    -0.317276    -0.255615    -0.002625    -0.113953     0.002380     0.143929    -0.303513     0.164185     0.006607    -0.201080     0.073868    -0.022308    -0.053604     0.304123    -0.469208     0.064819     0.046982    -0.247742 
   -0.114090    -0.269333    -0.068451    -0.533691     0.099106    -0.006088    -0.213943     0.281021    -0.183548    -0.252762    -0.052750    -0.066101    -0.337433     0.026688     0.053955     0.471954    -0.225967    -0.062042     0.022736    -0.142555     0.071381    -0.222733    -0.076614    -0.273315    -0.064407    -0.003326    -0.205032    -0.030930    -0.352539     0.064697    -0.068665     0.238190 
   -0.370987    -0.006233     0.333115     0.031174     0.077591     0.114914     0.173447    -0.052277    -0.308319    -0.208374    -0.038147    -0.096313     0.296478     0.145142     0.259003    -0.031296    -0.427750    -0.190323    -0.219879     0.069595     0.010620    -0.379196     0.062912     0.097824    -0.181046    -0.120621     0.152039    -0.410049    -0.011475    -0.346100     0.000244     0.188171 
   -0.002235     0.184387     0.077896    -0.318207     0.031296     0.031464     0.323700    -0.001663     0.022781     0.384201    -0.059204     0.303207    -0.095749    -0.022385     0.148148    -0.082718    -0.052200    -0.043945     0.073090     0.061752    -0.307220     0.107391    -0.304298    -0.262283    -0.048691    -0.015091     0.240677    -0.123917     0.333664    -0.120819     0.205612    -0.040573 
   -0.363251     0.201431     0.189560    -0.167068     0.310715    -0.054550    -0.405914     0.338943    -0.021317     0.040634    -0.360107     0.074066    -0.054703    -0.144669     0.347321    -0.441704    -0.110397     0.128967    -0.153923     0.308434     0.198380     0.352829     0.084503     0.305344    -0.714691    -0.136917    -0.072418     0.110077    -0.080750     0.160080    -0.134384     0.003769 
   -0.060654     0.013824     0.266052     0.362640     0.032684    -0.183411     0.170135    -0.022415    -0.063919    -0.122849    -0.162918     0.068314    -0.150223     0.047852    -0.439728    -0.091141    -0.125702    -0.262085    -0.148560     0.154495     0.003952    -0.486435     0.055374    -0.175598    -0.122650    -0.063309    -0.039154     0.070099     0.077682    -0.093315    -0.651688    -0.038422 
    0.065247    -0.121414    -0.144455     0.094589     0.157867     0.251724    -0.103104    -0.615707     0.031982    -0.471329     0.047318     0.066925     0.186829    -0.024094    -0.462723     0.050949    -0.033890     0.319153     0.071167     0.082687    -0.040985     0.181046     0.083023     0.374146    -0.204391     0.524475     0.171539    -0.060242     0.209061     0.317902    -0.027710     0.190186 
    0.387299    -0.533737    -0.028824    -0.208496     0.207840     0.247437    -0.174393     0.037521    -0.504761     0.194534     0.122894    -0.297791     0.333908     0.080215     0.050323     0.145706    -0.113617    -0.120987    -0.011261    -0.242462    -0.058777    -0.117348    -0.037064    -0.040451     0.309860    -0.096786     0.413666    -0.175056     0.241646     0.066635    -0.068542     0.283401 
    0.275192    -0.156944     0.058640     0.036575     0.069092     0.325638    -0.068481    -0.108261     0.233643     0.151230    -0.241837     0.135208     0.026337    -0.190491     0.010910     0.273338    -0.301109     0.188217    -0.341721    -0.049843     0.250595     0.079056    -0.271118     0.074371     0.249359    -0.397308    -0.047012    -0.234650     0.131638    -0.109741     0.088715    -0.369873 
    0.025742    -0.419540     0.149124    -0.252396    -0.073059    -0.226334     0.120819    -0.073502    -0.446350     0.288437    -0.113647    -0.552872    -0.163986     0.096191     0.170135     0.092392    -0.018921    -0.261581     0.211166     0.077682     0.207626     0.067413     0.437393    -0.492218     0.041595    -0.250229    -0.114700     0.119949     0.249969    -0.029282     0.075912    -0.056717 
   -0.191193     0.017212     0.284416    -0.081421     0.229721     0.021713     0.061478     0.021683    -0.093704     0.112549     0.189224    -0.117538     0.387573    -0.269226     0.241898    -0.219086    -0.237701     0.042587     0.059830     0.356415    -0.196030    -0.243546     0.001495    -0.122055    -0.232864    -0.134354     0.387756    -0.016983    -0.178436    -0.148026     0.081055     0.268661 
   -0.305817    -0.240173     0.373795     0.234619    -0.191635     0.114815     0.369141    -0.081268     0.083801     0.056946     0.120712     0.018799     0.113480    -0.034668     0.141678     0.120407     0.120331    -0.115891    -0.276932     0.205048    -0.217796     0.447906     0.202133     0.146820    -0.461273     0.156792    -0.025574     0.225937    -0.288940     0.031479     0.051193     0.100739 
    0.106186     0.132370    -0.146698    -0.533295     0.098373     0.012222    -0.278900     0.027344     0.388306     0.279388     0.016037    -0.086914     0.136574    -0.054535     0.136688     0.211205     0.271133     0.007950    -0.478973    -0.150681    -0.129059     0.152725    -0.149185     0.343430    -0.300247    -0.219208     0.186905    -0.001923    -0.193115     0.093933     0.180298     0.266388 
    0.043365     0.017685    -0.028854     0.135513     0.193306     0.177719    -0.257095     0.192673    -0.194016     0.072983    -0.247070    -0.134430     0.003860     0.130905     0.124817     0.114899    -0.017380     0.221756    -0.182037     0.035355    -0.040550     0.185776    -0.067017    -0.177155    -0.180252    -0.211090     0.359497     0.056313     0.186981    -0.261337    -0.041641    -0.338593 
   -0.190918     0.110764    -0.272919    -0.308395     0.031647    -0.169327    -0.169357     0.141281     0.002167     0.179718    -0.264038    -0.189682    -0.204208    -0.188538     0.163864     0.463272     0.351379     0.126617    -0.166061     0.719147     0.132004     0.025208    -0.065491     0.112686    -0.088837     0.027420    -0.166519     0.208557    -0.575867    -0.235336     0.353470    -0.321991 
   -0.214844     0.073792     0.000961    -0.546143    -0.136414    -0.365662     0.264740     0.304718     0.210037     0.053482    -0.178925     0.250931    -0.399475     0.153259     0.023849    -0.292000     0.159271    -0.192841    -0.211670     0.158913    -0.194992     0.187286     0.083908    -0.126083     0.475052    -0.145493     0.049500    -0.049637    -0.094864    -0.181458     0.057617     0.007294 
   -0.028488     0.027222    -0.117279    -0.184540    -0.164703    -0.189438     0.276031    -0.142822    -0.110855     0.184738    -0.201370    -0.095901    -0.385529    -0.124268     0.400253    -0.204559     0.009644     0.228424    -0.199738     0.237656    -0.128265     0.068634     0.137665    -0.137009     0.000000     0.052475    -0.271500     0.332916    -0.006500    -0.108002     0.161163    -0.282486 
   -0.126556     0.167587     0.481537    -0.047318     0.478958     0.124969     0.218109    -0.050949     0.016876    -0.241714     0.294754     0.287003     0.114838     0.018997    -0.043121     0.264084    -0.025177     0.130447     0.258209     0.180359     0.276741    -0.031555    -0.239822     0.165115     0.156097    -0.210327    -0.136200     0.081009    -0.540451    -0.285416     0.034622     0.095825 
    0.166473     0.098801     0.127441    -0.330429    -0.127884    -0.252060     0.132019     0.241684    -0.200134     0.171921     0.174561    -0.448654    -0.208374    -0.226685     0.176819    -0.567978     0.534790     0.549683     0.403091    -0.015366     0.332764     0.544571    -0.296005     0.317993    -0.396805    -0.045349    -0.473007     0.209061    -0.317764     0.004501     0.443542    -0.176651 
    0.235153     0.143692     0.129654     0.061508     0.246017     0.023849    -0.045761    -0.352661    -0.259766     0.084518    -0.348282    -0.166382     0.189545     0.042419     0.036682     0.084991     0.076447     0.192886    -0.358994     0.063278    -0.237198     0.154129     0.355789    -0.174301    -0.041641     0.166031     0.069717     0.153564     0.125107     0.197922    -0.032867     0.160446 
    0.566284    -0.058182     0.325378    -0.440247    -0.223984    -0.001007    -0.094284    -0.145050     0.041229    -0.359375     0.353546     0.223328     0.025238    -0.020828    -0.199020    -0.298119    -0.322540     0.290771    -0.133499    -0.066544     0.482437    -0.357620     0.057175     0.486053     0.231903    -0.017365    -0.109146    -0.430359    -0.230255     0.210800    -0.009399     0.263550 
    0.505829     0.185928    -0.084641     0.083771     0.222855    -0.288223    -0.050354     0.153831    -0.291412    -0.125839    -0.349808     0.149261     0.096260    -0.110306    -0.040924     0.345093    -0.022903    -0.515106     0.141357     0.000275     0.047684    -0.446472     0.341843    -0.565063     0.072601     0.617783    -0.056847     0.028931     0.244049    -0.268143    -0.128342     0.042252 
    0.058472    -0.218048    -0.292938    -0.373337     0.173607     0.026459     0.103874     0.157990    -0.219055    -0.174332     0.095879    -0.024063     0.312927     0.065453     0.114899     0.108437     0.062012    -0.060394    -0.100037     0.216156    -0.433228    -0.391098     0.069221     0.234039    -0.071701    -0.246368    -0.121880    -0.371620     0.024261     0.306244     0.454941     0.330856 
    0.028244    -0.189453    -0.084305     0.135635     0.071945     0.150360     0.185532     0.004501     0.244888    -0.188202    -0.003067     0.385437     0.045868     0.191360     0.189743    -0.270523    -0.089783     0.065063    -0.138794     0.128525    -0.159180     0.209007    -0.213043     0.028030    -0.403641     0.060730    -0.027313     0.416847    -0.356796     0.145966    -0.282120     0.236526 
    0.129410     0.218445     0.353271     0.217575    -0.493958    -0.091614     0.069473     0.358673    -0.120010    -0.109329    -0.124847     0.143539     0.131226     0.168762    -0.102554    -0.189621     0.229546     0.206696    -0.082367     0.469193    -0.094498    -0.013336     0.048164     0.003876    -0.259064     0.079422    -0.055145    -0.234291     0.501251    -0.181580    -0.199631    -0.145157 
   -0.243668    -0.070663     0.402649     0.083206    -0.054779     0.053467     0.131744    -0.302765     0.044144     0.473465    -0.227142    -0.584076     0.192505    -0.234039    -0.050308     0.284515     0.134109     0.752907    -0.302444    -0.105766     0.269043    -0.119308    -0.276108    -0.084900     0.094299     0.306595     0.136429     0.084503     0.379089     0.195007    -0.094376     0.123337 
   -0.277374     0.049820    -0.176697    -0.231659    -0.224197     0.225693    -0.114594     0.212616     0.132462     0.021591     0.245834     0.093918     0.032730     0.142700    -0.008743     0.473129     0.047134     0.126541     0.049042    -0.144379    -0.120728     0.066986    -0.095657    -0.025574     0.223389     0.028427     0.349213     0.292480    -0.187195     0.313324    -0.104553    -0.306763 
   -0.337555     0.157166    -0.138077    -0.196701     0.381638    -0.138275    -0.282822     0.047073    -0.387909     0.673767     0.371902    -0.094452    -0.360870    -0.036240    -0.172943    -0.044502     0.306534     0.239380    -0.143829     0.066566    -0.525848    -0.370438     0.666412     0.141556    -0.323425     0.496674    -0.161911    -0.141571     0.085815     0.112534     0.120804     0.273132 
    0.264328    -0.034668    -0.485046     0.237213    -0.070839    -0.432495     0.289108    -0.149307     0.091156    -0.087921    -0.338425     0.177704     0.274506     0.334702    -0.069763    -0.197723    -0.123505     0.014999    -0.004654     0.160263     0.179901    -0.165039     0.006973     0.182434     0.046143    -0.071030    -0.131210    -0.373001     0.135056    -0.153336    -0.034149    -0.021255 
    0.030823    -0.041702    -0.361038     0.062363     0.304802     0.091293     0.138245    -0.120667     0.346863     0.051392     0.126343    -0.339920     0.280975    -0.224548     0.116776     0.266098    -0.049362     0.192429    -0.812454    -0.213074     0.050262     0.228859     0.082474     0.200897     0.364014     0.008774    -0.129791     0.058838    -0.314301     0.226501    -0.314407     0.148926 
   -0.115799     0.073730    -0.132217    -0.116867     0.135315    -0.109665     0.238846    -0.067474    -0.157532    -0.250153     0.130875     0.160370     0.163818    -0.133316    -0.167450    -0.046799     0.361465     0.180222     0.148071    -0.065842     0.101898     0.264252    -0.206299    -0.431961    -0.263107     0.048737     0.069321     0.266022     0.216934    -0.037308     0.114624    -0.475525 
   -0.135574     0.092911     0.137344    -0.158295     0.428162    -0.023590     0.030579    -0.008163    -0.297974    -0.373047     0.354813     0.128174     0.209335    -0.156998     0.230865    -0.194717     0.147018     0.060776    -0.161865    -0.106674     0.085297    -0.055573    -0.170273     0.139542     0.357910     0.387863     0.057159     0.008652     0.291458     0.119446    -0.126938     0.025452 
