Golden Reference Result (B=8, C=8, V=16)
Result shape: torch.Size([8, 8])
Min: -0.797653, Max: 1.267105
Mean: -0.052298

Result matrix:
   -0.174973     0.108047     0.315613    -0.260986     0.302414     0.003418    -0.210602    -0.522217 
   -0.440018     0.039230     0.649536     0.156830    -0.441223     0.008942     0.296341    -0.011642 
   -0.252335    -0.493469    -0.653732     0.795700    -0.235977     0.238571     0.512421     0.187439 
    0.052109     0.769455     0.192810    -0.599762    -0.741653     0.021469     0.065491    -0.374008 
   -0.078278    -0.432434    -0.512741    -0.669281    -0.797653     0.534851     0.030960     0.680893 
   -0.049698     0.140121    -0.442413     0.122528     1.267105    -0.319870    -0.543854     0.405609 
    0.430145     0.180725    -0.254959    -0.181183    -0.470840    -0.448471    -0.224426     0.165802 
   -0.343948     0.732544     0.035156    -0.674576    -0.436905    -0.088715    -0.371857    -0.034622 
