Golden Reference Result (B=128, C=1, V=1)
Result shape: torch.Size([128, 1])
Min: -0.303360, Max: 0.262474
Mean: -0.017456

Result matrix:
   -0.169540 
   -0.113670 
    0.080391 
   -0.000122 
    0.075027 
   -0.152527 
   -0.167427 
    0.085358 
   -0.028946 
   -0.012619 
   -0.014420 
   -0.086021 
    0.107040 
    0.049469 
    0.057686 
   -0.014481 
    0.102493 
   -0.198792 
    0.152489 
    0.128052 
   -0.010727 
   -0.092667 
   -0.236931 
    0.004135 
   -0.194321 
   -0.025337 
   -0.145927 
   -0.195511 
   -0.091347 
    0.074158 
   -0.112274 
    0.003960 
    0.150070 
   -0.099945 
   -0.158279 
   -0.078941 
   -0.038788 
   -0.113144 
   -0.035599 
    0.019485 
    0.041473 
   -0.074783 
    0.197212 
    0.093384 
    0.199097 
    0.035141 
    0.046593 
   -0.063004 
   -0.139465 
    0.027214 
   -0.124329 
    0.031647 
    0.046532 
   -0.111618 
   -0.052391 
    0.043442 
    0.102615 
    0.057182 
    0.110718 
    0.088638 
    0.192467 
    0.038666 
   -0.035286 
   -0.014877 
    0.148804 
   -0.235168 
   -0.116211 
    0.021988 
    0.033134 
   -0.058807 
    0.113197 
    0.062973 
    0.136978 
    0.013565 
    0.067810 
    0.036186 
   -0.165939 
   -0.204285 
    0.065346 
   -0.008255 
    0.148071 
   -0.023956 
   -0.034569 
    0.035439 
    0.044724 
    0.262474 
   -0.086311 
   -0.174789 
   -0.091766 
    0.133034 
    0.189941 
    0.018440 
   -0.098412 
   -0.099915 
   -0.070076 
   -0.190926 
    0.183197 
   -0.013443 
    0.118393 
    0.142548 
   -0.123940 
   -0.051140 
   -0.025612 
   -0.158440 
   -0.014839 
   -0.005043 
    0.150482 
   -0.103027 
   -0.143250 
   -0.181778 
    0.071548 
   -0.199066 
    0.215851 
   -0.212158 
    0.046577 
    0.128098 
    0.014008 
   -0.303360 
   -0.213821 
    0.051140 
    0.015068 
    0.054314 
   -0.089691 
   -0.041153 
   -0.261902 
   -0.224976 
    0.002159 
   -0.171593 
